0.0
0.2274025
0.22651
0.224689166667
0.22492625
0.224389
0.224007083333
0.224236071429
0.223950625
0.223854722222
0.22321525
0.223075454545
0.222942083333
0.222855576923
0.222320535714
0.2219565
0.22199953125
0.222178235294
0.222282777778
0.222099342105
0.2217625
0.222166428571
0.221824318182
0.221952608696
0.222047395833
0.222006
0.222138076923
0.222150925926
0.222093303571
0.222014913793
0.222210166667
0.221967016129
0.2217634375
0.221525681818
0.221323897059
0.221451214286
0.221553125
0.221778310811
0.221558421053
0.221295192308
0.221436375
0.221566707317
0.221627440476
0.221398197674
0.221444261364
0.221536444444
0.22147673913
0.221428617021
0.221367135417
0.221190306122
0.2209961
0.221049803922
0.220921778846
0.22106995283
0.221067592593
0.221103818182
0.220798348214
0.220765877193
0.220813577586
0.220950974576
0.220985666667
0.220808770492
0.220780403226
0.22078468254
0.220839492188
0.220654576923
0.220520113636
0.220445223881
0.220340404412
0.220372608696
0.22045975
0.220370528169
0.2202365625
0.22043869863
0.220509797297
0.220448766667
0.22034625
0.220431623377
0.220289038462
0.220186329114
0.22037565625
0.22047845679
0.220545609756
0.220606204819
0.22059264881
0.220660705882
0.220647063953
0.220670833333
0.220623125
0.220601095506
0.220624472222
0.220609175824
0.2207475
0.220769489247
0.220759042553
0.220628842105
0.220564921875
0.220583221649
0.220549158163
0.220520984848
