0.0
0.202135
0.19886875
0.197557916667
0.196376875
0.19530575
0.194344375
0.193743214286
0.1932265625
0.192680972222
0.19223675
0.191727386364
0.191714583333
0.191591153846
0.191643392857
0.191690833333
0.1915984375
0.191521764706
0.191279236111
0.191269276316
0.1912710625
0.19112327381
0.191239829545
0.19109923913
0.19107234375
0.1909634
0.190941730769
0.190996851852
0.191132767857
0.191209612069
0.19112925
0.191002701613
0.191055898437
0.19114094697
0.191107095588
0.190940785714
0.190832777778
0.190844831081
0.190957828947
0.190993365385
0.19098525
0.190873963415
0.190818660714
0.190797965116
0.190716676136
0.190841777778
0.190729157609
0.190653191489
0.190542291667
0.19029502551
0.1901328
0.190024019608
0.190204759615
0.190243278302
0.190184652778
0.190146340909
0.190219308036
0.190129451754
0.190235646552
0.190271991525
0.190199895833
0.190108135246
0.190059455645
0.190000634921
0.189963769531
0.189845403846
0.189801382576
0.189769533582
0.189701121324
0.189738550725
0.189703089286
0.189628926056
0.189628715278
0.189740256849
0.189816689189
0.1897037
0.189666151316
0.189659724026
0.189673333333
0.189698212025
0.18965740625
0.189673287037
0.189505853659
0.189589623494
0.189533139881
0.189581794118
0.189499912791
0.189464181034
0.189378096591
0.189353511236
0.189250513889
0.189294972527
0.189333627717
0.189355107527
0.18931543883
0.189275092105
0.189227864583
0.189259213918
0.189218839286
0.189199507576
