0.0
0.239765
0.2388625
0.237686666667
0.23789125
0.237535
0.237206666667
0.236425714286
0.23632625
0.236018333333
0.235725
0.235182272727
0.236114583333
0.236272307692
0.236553928571
0.236986666667
0.237050625
0.236086470588
0.2361925
0.235873157895
0.23569975
0.235944285714
0.23639
0.23682173913
0.236761041667
0.2370082
0.237059615385
0.237119074074
0.236921785714
0.236561034483
0.236176666667
0.236416774194
0.23656484375
0.236541060606
0.236489558824
0.236518857143
0.236679861111
0.237002702703
0.237025263158
0.237153717949
0.237223
0.237439512195
0.237276190476
0.237137325581
0.236821704545
0.237225111111
0.236850869565
0.23698606383
0.237137291667
0.23716622449
0.2368291
0.236938039216
0.237161346154
0.236905471698
0.237140462963
0.237057727273
0.237386428571
0.236953070175
0.237192241379
0.237181101695
0.236737083333
0.236621311475
0.236744919355
0.23649547619
0.23619796875
0.236262230769
0.236221893939
0.235805895522
0.235990514706
0.235954492754
0.235986142857
0.23595
0.236010208333
0.236197054795
0.236392972973
0.236419733333
0.236351447368
0.236797727273
0.236706602564
0.236588481013
0.236739
0.236943024691
0.236737743902
0.237003313253
0.236806190476
0.236782117647
0.236648139535
0.236788563218
0.236933920455
0.236884719101
0.236863055556
0.236596978022
0.236559347826
0.236682258065
0.236530053191
0.236620684211
0.236567395833
0.236402783505
0.236546173469
0.236337575758
