0.0
0.1268495
0.12115875
0.1178305
0.115530125
0.1139777
0.112859833333
0.1118465
0.1111633125
0.110620555556
0.110077
0.109687545455
0.109306916667
0.108979846154
0.108672321429
0.108470833333
0.10818303125
0.107855088235
0.107578416667
0.107402447368
0.107069275
0.106931404762
0.106690659091
0.106590565217
0.1064914375
0.10639974
0.106296576923
0.106217685185
0.106047660714
0.105993103448
0.105904633333
0.105877483871
0.10584196875
0.105708318182
0.105705397059
0.105575014286
0.105493583333
0.105446351351
0.105419842105
0.105452679487
0.105379975
0.10535554878
0.105353559524
0.105331430233
0.105318636364
0.105211166667
0.105140130435
0.105095968085
0.105017447917
0.104999734694
0.1050088
0.104957352941
0.104898394231
0.10487290566
0.104925101852
0.104903309091
0.104906830357
0.104856482456
0.104862456897
0.104811550847
0.1048586
0.104850934426
0.104808919355
0.104793095238
0.104773734375
0.104773246154
0.10477855303
0.104736962687
0.104732573529
0.104694905797
0.104702928571
0.104670119718
0.104709333333
0.104679726027
0.104601804054
0.10457216
0.104568815789
0.1045895
0.104515128205
0.104505246835
0.10454235
0.104482820988
0.104460560976
0.104394566265
0.104384458333
0.104333847059
0.104320825581
0.104313775862
0.1043275
0.104307410112
0.104283272222
0.104335549451
0.104320967391
0.104270849462
0.104276829787
0.104265794737
0.104292322917
0.104262237113
0.104284341837
0.104238843434
