0.0
0.25
0.24
0.223333333333
0.25125
0.26
0.254166666667
0.24
0.245
0.243333333333
0.262
0.255454545455
0.262083333333
0.251538461538
0.254285714286
0.247333333333
0.24875
0.253529411765
0.255
0.26
0.25875
0.267142857143
0.263409090909
0.261739130435
0.265625
0.2596
0.263076923077
0.252962962963
0.251964285714
0.241379310345
0.232666666667
0.238709677419
0.24109375
0.246363636364
0.247941176471
0.244285714286
0.255416666667
0.252702702703
0.254210526316
0.252820512821
0.249375
0.252195121951
0.24869047619
0.240465116279
0.242159090909
0.232888888889
0.236847826087
0.236170212766
0.233333333333
0.241020408163
0.2343
0.237843137255
0.234903846154
0.235660377358
0.237592592593
0.238727272727
0.237321428571
0.241578947368
0.24974137931
0.24593220339
0.242166666667
0.241967213115
0.239274193548
0.240476190476
0.248125
0.243538461538
0.247651515152
0.243880597015
0.2525
0.261014492754
0.257714285714
0.252816901408
0.251041666667
0.251369863014
0.249256756757
0.2488
0.252697368421
0.245714285714
0.241666666667
0.240886075949
0.2409375
0.238765432099
0.233963414634
0.229518072289
0.235535714286
0.234117647059
0.23273255814
0.227356321839
0.224886363636
0.228314606742
0.220166666667
0.216483516484
0.221413043478
0.222580645161
0.221914893617
0.219894736842
0.221354166667
0.224020618557
0.220357142857
0.221313131313
