#Temperature	Magnetization	Magn._susceptibility	Energy	Specific_heat
2.0 0.9107486 0.3931941902 -1.7450804 0.7574462396 
2.01 0.9089388 0.35246136597 -1.740066 0.72150046781 
2.02 0.9039442 0.477993100792 -1.7305568 0.759986015489 
2.03 0.9012034 0.593612356847 -1.7247796 0.840785032008 
2.04 0.8974908 0.45558429098 -1.7154592 0.770311455594 
2.05 0.8936498 0.526480585171 -1.7070604 0.844591818775 
2.06 0.88648 0.838827184466 -1.6967388 0.890862321048 
2.07 0.8844968 0.571596085797 -1.689916 0.829106079488 
2.08 0.8802646 0.649095898269 -1.6802732 0.931743532175 
2.09 0.868085 1.9803472488 -1.6676512 1.04177967208 
2.1 0.869738 0.983439980952 -1.6631184 0.974318143855 
2.11 0.8626268 1.03686901308 -1.6525524 0.927925909661 
2.12 0.8573278 0.935420128113 -1.6419192 0.993498467782 
2.13 0.850703 1.18164615493 -1.6307236 1.09601340792 
2.14 0.8437416 1.10871602542 -1.6199532 0.944766987859 
2.15 0.8385048 1.45416510214 -1.6123064 1.18282288597 
2.16 0.8274002 2.18331537019 -1.5991656 1.21329444582 
2.17 0.8094836 3.14987194028 -1.5810616 1.27161699216 
2.18 0.8069052 2.41491510532 -1.570616 1.23267684538 
2.19 0.7985758 3.76891732584 -1.5622496 1.22926231697 
2.2 0.7901968 3.29691231709 -1.5499264 1.43571905587 
2.21 0.781426 2.64924689593 -1.5348688 1.17308864798 
2.22 0.7172686 10.3019523155 -1.503798 1.34545896437 
2.23 0.7511872 3.37561684377 -1.5060524 1.14134314834 
2.24 0.7008792 11.3634869971 -1.4829892 1.54076507366 
2.25 0.6522812 23.7716674069 -1.4527496 2.09797566388 
2.26 0.5448352 74.8432950485 -1.4263508 1.9397239787 
2.27 0.5296918 171.060137501 -1.41813 3.10551010111 
2.28 0.384496 244.671529053 -1.387446 2.09050747153 
2.29 0.4566894 58.5301270203 -1.3693708 1.93973377197 
2.3 0.2778144 76.0453065767 -1.3385708 1.68079385134 
2.31 0.2715514 65.9947941041 -1.3219088 1.33958569472 
2.32 0.135284 45.1844847586 -1.3050148 1.70436522919 
2.33 0.1615374 51.8517011212 -1.2931364 1.47401343742 
2.34 0.1656224 78.0972375138 -1.280684 1.38656494996 
2.35 0.1564386 36.9471502555 -1.2644928 1.19178377213 
2.36 0.174757 45.0279621653 -1.2537156 1.27076227492 
2.37 0.081794 14.0913784135 -1.2372916 1.00625827314 
2.38 0.152397 54.7971352563 -1.2309308 1.47520657326 
2.39 0.0740454 15.58703556 -1.20957 1.02084749917 
2.4 0.0863534 24.4611124518 -1.2093176 1.03256710111 
2.41 0.0977666 17.821076035 -1.1910488 1.03860005606 
2.42 0.103376 21.4845698512 -1.1836948 1.00227657428 
2.43 0.0788872 15.2617537291 -1.169778 0.887495327609 
2.44 0.0803534 16.6518663461 -1.1616412 0.919679223596 
2.45 0.0789286 13.3763525798 -1.150876 1.10549988172 
2.46 0.0885954 12.2701789384 -1.1401116 0.829163370745 
2.47 0.0782762 13.2856268565 -1.1340676 0.962836680228 
2.48 0.0682132 9.75020994258 -1.122902 0.805552542924 
2.49 0.0701872 11.0409554866 -1.1154716 0.929159196529 
2.5 0.0631366 7.08496872176 -1.1087672 0.833531206656 
2.51 0.0623176 7.81499318821 -1.0974124 0.835647190108 
2.52 0.0546356 6.01942068508 -1.0907428 0.803357155707 
2.53 0.056242 7.10766069565 -1.0816196 0.817322713743 
2.54 0.0661166 9.69522127732 -1.0749552 0.839801464691 
2.55 0.0528886 6.95436937271 -1.0659972 0.806265393556 
2.56 0.0480834 5.47236236109 -1.0597696 0.760828179688 
2.57 0.0481128 5.05652823409 -1.0475724 0.688622868234 
2.58 0.0461798 4.15117531767 -1.0418608 0.800535760111 
2.59 0.049713 5.0151270695 -1.0350556 0.788703490765 
2.6 0.0442844 4.54018244862 -1.0281128 0.707907331598 
2.61 0.0455988 4.14528305962 -1.019066 0.640342631494 
2.62 0.0470976 4.61041280244 -1.0135064 0.663469784744 
2.63 0.0404948 3.32165860441 -1.0069676 0.68577482722 
2.64 0.0436506 3.57035681682 -1.00225 0.686524879477 
2.65 0.0404326 3.22260414053 -0.9937328 0.729281429918 
2.66 0.045403 3.83347169549 -0.98767 0.597630702697 
2.67 0.044743 3.9701953221 -0.9802812 0.671273445497 
2.68 0.0365096 2.89330383522 -0.9745068 0.598981000446 
2.69 0.0406584 3.03219579717 -0.969328 0.643670839264 
2.7 0.0362794 2.75085265052 -0.9632536 0.608678637915 
2.71 0.0432076 3.4866433293 -0.9566496 0.584968641277 
2.72 0.038564 3.15175729412 -0.9535088 0.576573965398 
2.73 0.037328 2.71234027839 -0.9457164 0.611272244415 
2.74 0.0352628 2.57996721226 -0.9424188 0.575602491555 
2.75 0.0374274 3.1154944336 -0.9337472 0.573886958228 
2.76 0.038179 2.71721361957 -0.9308764 0.544345414619 
2.77 0.0377248 2.95320933199 -0.922434 0.495554332782 
2.78 0.0319638 2.01283830777 -0.9181988 0.547205215258 
2.79 0.031078 2.13477905376 -0.9130624 0.5286755646 
2.8 0.0333272 2.13659935771 -0.9084124 0.52461511 
2.81 0.0366452 2.78239329879 -0.9013292 0.49731136556 
2.82 0.0344 2.40348141844 -0.8988236 0.450132995121 
2.83 0.0337458 2.17027159845 -0.893668 0.543834803781 
2.84 0.0318908 1.97238477239 -0.8878232 0.462261185479 
2.85 0.031585 1.79032103509 -0.8810228 0.467665029437 
2.86 0.0342052 2.18789556979 -0.8779908 0.478816660179 
2.87 0.029155 1.60232841463 -0.8736144 0.462390016438 
2.88 0.0275838 1.56356978319 -0.867552 0.448119907407 
2.89 0.0318254 2.02009008595 -0.8646388 0.428157822057 
2.9 0.029024 1.70244491034 -0.8607156 0.4604991161 
2.91 0.0306466 1.85386401526 -0.8560644 0.403883577945 
2.92 0.0274766 1.51333456315 -0.85153 0.473395829424 
2.93 0.0276976 1.59325049229 -0.8464784 0.463667990821 
2.94 0.0307396 1.76389044844 -0.8419704 0.426035915406 
2.95 0.0292122 1.54048993614 -0.8407824 0.392274599529 
2.96 0.0269666 1.34261933932 -0.8351428 0.434669567385 
2.97 0.0271898 1.3904396497 -0.8290104 0.396733997483 
2.98 0.0276046 1.50822476121 -0.8250052 0.419903217152 
2.99 0.0260358 1.28926113164 -0.8212404 0.429121070055 
3.0 0.0292226 1.60558989747 -0.8178788 0.415249989511 
