#x	y
0.132318669914 0.202308820298 
0.0929435046789 0.190937716781 
0.0519541601457 0.189879492294 
0.00921261176844 0.175147038336 
-0.0354376619693 0.172187793025 
-0.082175139821 0.168228460939 
-0.131204567061 0.164162863795 
-0.182762376726 0.158260998932 
-0.237123585945 0.151705545527 
-0.294610676863 0.136092858593 
-0.355605189566 0.160217012019 
-0.42056308584 0.124127043953 
-0.490035458655 0.122075470951 
-0.564696987424 0.139346329893 
-0.645385898674 0.12713781915 
-0.733161509557 0.127724804527 
-0.829389541651 0.0814875369594 
-0.935873022054 0.0856824723983 
-1.05506153932 0.109485632941 
-1.19040288719 0.0865633788101 
-1.34697194788 0.0535428008991 
-1.53268909368 0.065004532509 
-1.76094774566 0.0595916637611 
-2.0572135618 0.0611985334734 
-2.48007041262 0.0653043900789 
-3.22728481445 -0.0110951597536 
-5.42450939179 0.0726229530644 
-3.02661411899 -0.00614532047023 
-2.37998695406 -0.0332916319159 
-1.9905221873 -0.0304281149946 
-1.71093732508 -0.0528940972622 
-1.49268375906 -0.0477614940357 
-1.31363552761 -0.0193000284852 
-1.16182951474 -0.0392652662066 
-1.03006023711 -0.0685661338373 
-0.913649885269 -0.138753254697 
-0.809388874945 -0.149628117342 
-0.714979190473 -0.140562654868 
-0.628718846189 -0.158557720399 
-0.549312068585 -0.158651483584 
-0.475749501408 -0.232514247514 
-0.407229554971 -0.236662021928 
-0.343105026801 -0.20982305203 
-0.282845835283 -0.249312239932 
-0.22601236052 -0.309941139503 
-0.172235963739 -0.389175142196 
-0.121204483727 -0.30042363411 
-0.0726512583097 -0.271947663325 
-0.026346690268 -0.285658337173 
0.017908318736 -0.37755324699 
