#x	y
1.74175658235 0.388399029112 
1.70238141711 0.386586466328 
1.66139207258 0.38848926146 
1.6186505242 0.379791399024 
1.57400025046 0.377846932257 
1.52726277261 0.370932598772 
1.47823334537 0.3654023512 
1.42667553571 0.361941933041 
1.37231432649 0.352412179582 
1.31482723557 0.350750872771 
1.25383272287 0.335990614274 
1.18887482659 0.335273440449 
1.11940245378 0.319994227555 
1.04474092501 0.315272151782 
0.96405201376 0.313246600184 
0.876276402877 0.264980938697 
0.780048370783 0.285258929281 
0.67356489038 0.286358767651 
0.554376373115 0.260272748468 
0.419035025246 0.260108821873 
0.262465964554 0.228994074927 
0.0767488187589 0.247314425796 
-0.151509833222 0.218064115063 
-0.447775649365 0.161006457609 
-0.870632500185 0.209042381628 
-1.61784690202 0.0591167880844 
-3.81507147935 0.105584932829 
-1.41717620655 -0.0622406575944 
-0.770549041628 -0.0805046748252 
-0.381084274867 -0.0790705776896 
-0.101499412647 -0.393648072111 
0.116754153373 -0.486021392242 
0.295802384822 -0.740440910755 
0.44760839769 -0.566221241919 
0.579377675321 -0.943065722096 
0.695788027165 -0.749727018605 
0.80004903749 -1.12358398951 
0.894458721961 -1.43072815643 
0.980719066245 -1.12982296579 
1.06012584385 -1.14102149116 
1.13368841103 -1.15816182637 
1.20220835746 -1.10663470095 
1.26633288563 -0.900949367342 
1.32659207715 -1.25039794685 
1.38342555191 -1.39730642249 
1.43720194869 -1.35833188472 
1.48823342871 -1.24133342007 
1.53678665412 -1.41093708159 
1.58309122217 -1.47121311571 
1.62734623117 -1.69222867462 
