#x	y
0.825465850474 0.279903075524 
0.786090685239 0.269605893578 
0.745101340706 0.272599907791 
0.702359792328 0.267131848923 
0.657709518591 0.265995630736 
0.610972040739 0.258129327823 
0.561942613499 0.248971336116 
0.510384803834 0.244204078483 
0.456023594615 0.243166934979 
0.398536503697 0.230030183777 
0.337541990994 0.22438174409 
0.27258409472 0.221000619862 
0.203111721905 0.222916636067 
0.128450193136 0.203844272972 
0.0477612818857 0.2094562686 
-0.0400143289967 0.17270524425 
-0.136242361091 0.171419684579 
-0.242725841494 0.154536563793 
-0.361914358759 0.176606884039 
-0.497255706629 0.10707716501 
-0.65382476732 0.0629902787766 
-0.839541913115 0.11108024764 
-1.0678005651 0.140369461499 
-1.36406638124 -0.00400860227486 
-1.78692323206 0.075514527262 
-2.53413763389 0.0202955954733 
-4.73136221123 0.00058003181074 
-2.33346693843 0.0329686903375 
-1.6868397735 -0.119895363541 
-1.29737500674 -0.0667941595193 
-1.01779014452 -0.131636923236 
-0.799536578502 -0.21730706799 
-0.620488347053 -0.176313405079 
-0.468682334185 -0.188846078585 
-0.336913056553 -0.217768007864 
-0.220502704709 -0.292730288483 
-0.116241694385 -0.264059894111 
-0.0218320099135 -0.359294329251 
0.0644283343709 -0.470247999191 
0.143835111975 -0.263965214177 
0.217397679152 -0.623047810681 
0.285917625589 -0.466983458351 
0.350042153759 -0.635228694452 
0.410301345277 -0.714066719032 
0.46713482004 -0.616817176721 
0.520911216821 -0.58610267981 
0.571942696833 -0.775302216118 
0.62049592225 -0.839421934919 
0.666800490292 -0.694480161818 
0.711055499296 -0.888248290155 
